$ 1 0.000005 13.097415321081861 40 5 50 5e-11
d 864 240 992 240 2 default
r 1168 240 1168 384 0 100
c 1056 240 1056 384 0 0.001 28.254046760501268 0.001
c 528 240 528 384 0 0.001 16.323096155631816 0.001
f 736 304 800 304 32 1.5 0.02
R 736 304 688 304 0 2 20000 12 0 0 0.5
i 368 384 368 240 0 8
r 416 240 416 384 0 2.2
w 368 240 416 240 3
g 368 384 368 416 0 0
w 416 384 368 384 0
w 416 240 528 240 0
w 416 384 528 384 0
l 528 240 640 240 0 0.00037999999999999997 0.6140349003848671
w 800 288 800 240 0
w 800 240 864 240 0
w 800 240 640 240 0
w 528 384 736 384 0
w 800 320 800 384 0
w 992 240 1056 240 0
w 800 384 1056 384 0
w 1056 240 1168 240 3
w 1168 384 1056 384 0
r 736 304 736 384 0 10000
w 736 384 800 384 0
